0 0
1690873047284 24.7
1690873048291 24.75
1690873049264 24.7
1690873050286 24.75
1690873051277 24.75
1690873052267 24.75
1690873053273 24.7
1690873053464 24.7
1690873055285 24.75
1690873056275 24.75
1690873057282 24.75
1690873058288 24.75
1690873059278 24.75
1690873060268 24.75
1690873061274 24.75
1690873062265 24.7
1690873063287 24.75
1690873064261 24.75
1690873065267 24.75
1690873066289 24.75
1690873067280 24.75
1690873068286 24.75
1690873069292 24.7
1690873070266 24.75
1690873071289 24.75
1690873072279 24.7
1690873073285 24.7
1690873074291 24.75
1690873075282 24.7
1690873076272 24.75
1690873077294 24.75
1690873078284 24.75
1690873079274 24.75
1690873080264 24.75
1690873081271 24.7
1690873082293 24.75
1690873083283 24.75
1690873084289 24.7
1690873085295 24.7
1690873086270 24.7
1690873087276 24.7
1690873088298 24.7
1690873089288 24.7
1690873090279 24.75
1690873091301 24.75
1690873092291 24.75
1690873093297 24.75
1690873094288 24.75
1690873095294 24.75
1690873096300 24.75
1690873097290 24.7
1690873098280 24.75
1690873099286 24.75
1690873100293 24.75
1690873101283 24.75
1690873102273 24.75
1690873103295 24.75
1690873104285 24.7
1690873105291 24.75
1690873106298 24.75
1690873107288 24.65
1690873108278 24.7
1690873109284 24.7
1690873110291 24.75
1690873111281 24.65
1690873112303 24.7
1690873113293 24.7
1690873114283 24.65
1690873115290 24.75
1690873116296 24.7
1690873117302 24.7
1690873118292 24.65
1690873119283 24.7
1690873120305 24.65
1690873121279 24.65
1690873122301 24.7
1690873123307 24.7
1690873124297 24.75
1690873125288 24.65
1690873126294 24.7
1690873127300 24.65
1690873128306 24.7
1690873129297 24.65
1690873130287 24.65
1690873131309 24.65
1690873132299 24.7
1690873133306 24.65
1690873134296 24.7
1690873135302 24.65
1690873136292 24.7
1690873137282 24.65
1690873138305 24.7
1690873139295 24.7
1690873140285 24.65
1690873141307 24.7
1690873142297 24.7
1690873143304 24.65
1690873144294 24.65
1690873145300 24.7
1690873146306 24.7
1690873147312 24.7
1690873148303 24.65
1690873149293 24.7
1690873150283 24.65
1690873151305 24.65
1690873152295 24.7
1690873153302 24.7
1690873154308 24.65
1690873155298 24.7
1690873156304 24.65
1690873157311 24.65
1690873158301 24.65
1690873159307 24.65
1690873160297 24.65
1690873161288 24.65
1690873162310 24.65
1690873163316 24.7
1690873164306 24.65
1690873165296 24.65
1690873166303 24.7
1690873167293 24.65
1690873168299 24.65
1690873169289 24.65
1690873170311 24.65
1690873171318 24.65
1690873172308 24.65
1690873173298 24.65
1690873174304 24.65
1690873175294 24.7
1690873176301 24.65
1690873177291 24.65
1690873178281 24.7
1690873179319 24.65
1690873180294 24.65
1690873181316 24.65
1690873182290 24.65
1690873183312 24.65
1690873184319 24.65
1690873185309 24.65
1690873186299 24.65
1690873187305 24.65
1690873188296 24.65
1690873189318 24.65
1690873190308 24.65
1690873191298 24.65
1690873192304 24.65
1690873193311 24.65
1690873194317 24.65
1690873195307 24.65
1690873196297 24.65
1690873197304 24.65
1690873198310 24.65
1690873199300 24.65
1690873200322 24.65
1690873201313 24.65
1690873202319 24.65
1690873203325 24.65
1690873204315 24.65
1690873205321 24.65
1690873206296 24.65
1690873207318 24.65
1690873208308 24.65
1690873209298 24.65
1690873210320 24.65
1690873211311 24.65
1690873212317 24.65
1690873213307 24.65
1690873214313 24.65
1690873215304 24.65
1690873216310 24.65
1690873217316 24.65
1690873218306 24.65
1690873219296 24.65
1690873220287 24.65
1690873221325 24.65
1690873222315 24.65
1690873223321 24.65
1690873224311 24.65
1690873225318 24.65
1690873226324 24.65
1690873227314 24.7
1690873228304 24.65
1690873229311 24.65
1690873230301 24.65
1690873231323 24.65
1690873232313 24.65
1690873233303 24.65
1690873234326 24.65
1690873235316 24.65
1690873236322 24.65
1690873237328 24.65
1690873238302 24.65
1690873239309 24.65
1690873240331 24.65
1690873241305 24.65
1690873242327 24.65
1690873243317 24.65
1690873244308 24.65
1690873245298 24.65
1690873246320 24.65
1690873247310 24.65
1690873248269 24.65
