0 0
0 0
0 0
1690781519196 27.25
1690781520218 27.25
1690781521208 27.25
1690781522198 27.25
1690781523189 27.25
1690781524402 27.25
1690781524402 27.25
1690781524402 27.25
1690781524402 27.25
1690781524402 27.25
1690781686669 25.45
1690781687675 25.45
1690781688666 25.45
1690781689688 25.45
1690781690678 25.45
1690781691668 25.45
1690781692243 25.45
1690781693681 25.45
1690781694687 25.45
1690781695677 25.45
1690781696667 25.45
1690781697689 25.45
1690781698680 25.45
1690781699670 25.45
1690781700692 25.45
1690781701682 25.45
1690781702672 25.45
1690781703695 25.45
1690781704685 25.45
1690781705691 25.45
1690781706681 25.45
1690781707687 25.4
1690781708678 25.45
1690781709700 25.45
1690781710690 25.4
1690781711680 25.45
1690781712686 25.45
1690781713677 25.45
1690781714699 25.4
1690781715689 25.4
1690781716679 25.45
1690781717685 25.4
1690781718676 25.45
1690781719698 25.4
1690781720688 25.4
1690781721678 25.4
1690781722685 25.4
1690781723675 25.4
1690781724681 25.4
1690781725703 25.4
1690781726693 25.4
1690781727684 25.4
1690781728674 25.4
1690781729696 25.4
1690781730686 25.4
1690781731677 25.4
1690781732683 25.4
1690781733705 25.4
1690781734695 25.4
1690781735685 25.4
1690781736675 25.4
1690781737698 25.4
1690781738688 25.35
1690781739694 25.35
1690781740685 25.35
1690781741706 25.4
1690781742697 25.35
1690781743703 25.4
1690781744693 25.35
1690781745684 25.4
1690781746705 25.4
1690781747696 25.35
1690781748686 25.35
1690781749708 25.35
1690781750698 25.35
1690781751689 25.35
1690781752679 25.4
1690781753701 25.35
1690781754691 25.35
1690781755681 25.35
1690781756704 25.4
1690781757694 25.35
1690781758684 25.35
1690781759706 25.35
1690781760696 25.35
1690781761687 25.35
1690781762693 25.35
1690781763683 25.4
1690781764705 25.35
1690781765695 25.35
1690781766686 25.35
1690781767708 25.35
1690781768698 25.35
1690781769688 25.35
1690781770711 25.35
1690781771701 25.35
1690781772691 25.35
1690781773713 25.35
1690781774703 25.35
1690781775694 25.35
1690781776684 25.35
1690781777706 25.35
1690781778696 25.35
1690781779703 25.35
1690781780693 25.35
1690781781683 25.35
1690781782705 25.35
1690781783695 25.35
1690781784686 25.35
1690781785708 25.35
1690781786698 25.35
1690781787688 25.35
1690781788710 25.35
1690781789701 25.35
1690781790691 25.35
1690781791713 25.35
1690781792703 25.35
1690781793693 25.35
1690781794716 25.35
1690781795706 25.35
1690781796696 25.35
1690781797686 25.35
1690781798708 25.35
1690781799699 25.35
1690781800705 25.35
1690781801695 25.35
1690781802717 25.35
1690781803692 25.35
1690781804714 25.35
1690781805704 25.35
1690781806694 25.35
1690781807716 25.35
1690781808707 25.35
1690781809697 25.35
1690781810719 25.35
1690781811693 25.35
1690781812715 25.35
1690781813194 25.35
