5.0 1.0 0.0 2
5.0 20.0 0.0 0
5.0 30.0 0.0 0
6.5 32.0 0.0 0
6.5 41.0 0.0 0
6.0 51.0 0.0 0
6.0 61.0 0.0 0
6.5 71.0 0.0 0
6.8 73.0 0.0 0
7.0 81.0 0.0 2
6.5 84.5 0.0 2
0.0 86.0 0.0 0
-10.0 85.8 0.0 0
-20.0 85.5 0.0 0
-30.0 86.0 0.0 0
-40.0 86.0 0.0 0
-49.0 86.0 0.0 2
-49.0 76.0 0.0 0
-49.0 66.0 0.0 0
-49.0 57.5 0.0 2
-60.0 57.5 0.0 0
-70.0 58.5 0.0 0
-80.0 59.0 0.0 0
-90.0 59.0 0.0 0
-100.0 59.8 0.0 0
-106.0 60.5 0.0 1
-100.0 59.8 0.0 0
-90.0 59.0 0.0 0
-80.0 59.0 0.0 0
-70.0 58.5 0.0 0
-60.0 57.5 0.0 0
-49.0 57.5 0.0 2
-49.0 66.0 0.0 0
-49.0 76.0 0.0 0
-49.0 86.0 0.0 2
-40.0 86.0 0.0 0
-30.0 86.0 0.0 0
-20.0 85.5 0.0 0
-10.0 85.5 0.0 0
0.0 86.0 0.0 0
6.5 85.0 0.0 2
7.0 81.0 0.0 2
6.8 73.0 0.0 0
6.5 71.0 0.0 0
6.0 61.0 0.0 0
6.0 51.0 0.0 0
6.5 41.0 0.0 0
6.5 32.0 0.0 0
5.0 30.0 0.0 0
5.0 20.0 0.0 0
5.0 1.0 0.0 2
2.0 1.0 0.0 0
